alpha1: 0.0004          # 0.0002
alpha2: 0.01
alpha3: 0.000080
alpha4: 0.000001       # 0.0001
