alpha1: 0.0004          # 0.0002
alpha2: 0.01
alpha3: 0.00080
alpha4: 0.00001       # 0.0001
