alpha1: 0.0002          # 0.0002
alpha2: 0.005
alpha3: 0.00008
alpha4: 0.000001       # 0.0001
